HPC Solver Active. Scheme: RungeKutta4
   Time:     -10, L2 error: 1.73842e-10, Energy: 2.46105
   Time: -5.3125, L2 error: 5.98705e+23, Energy: 1.14713e+51
